2 0.43515625 0.69609375 0.0609375 0.090625
2 0.54765625 0.3640625 0.0390625 0.05
2 0.528125 0.4265625 0.0625 0.078125
2 0.4359375 0.42578125 0.065625 0.084375
2 0.7171875 0.28984375 0.05 0.05625
2 0.64921875 0.6390625 0.059375 0.08125
2 0.58359375 0.68828125 0.0375 0.05625
2 0.54765625 0.7015625 0.034375 0.05625
2 0.51328125 0.68828125 0.034375 0.0546875
2 0.48984375 0.63203125 0.0625 0.0921875
2 0.38359375 0.68671875 0.04375 0.059375
2 0.36640625 0.7828125 0.0453125 0.05625
2 0.41171875 0.1859375 0.0453125 0.053125
2 0.30859375 0.1828125 0.05 0.059375
2 0.325 0.45078125 0.04375 0.053125
0 0.44765625 0.52109375 0.078125 0.059375
2 0.06328125 0.84375 0.0625 0.065625
2 0.03046875 0.3515625 0.0609375 0.0578125
2 0.1578125 0.1859375 0.0609375 0.0578125
2 0.10390625 0.184375 0.0453125 0.05625
2 0.03359375 0.1859375 0.065625 0.0625
0 0.9484375 0.45234375 0.0828125 0.103125