2 0.41484375 0.66171875 0.05625 0.084375
2 0.5171875 0.3578125 0.0359375 0.0453125
2 0.49921875 0.41484375 0.0578125 0.071875
2 0.415625 0.4140625 0.059375 0.078125
2 0.67265625 0.28984375 0.046875 0.05
2 0.6109375 0.609375 0.053125 0.075
2 0.55078125 0.6546875 0.034375 0.053125
2 0.51796875 0.66640625 0.03125 0.053125
2 0.4859375 0.6546875 0.03125 0.05
2 0.4640625 0.603125 0.05625 0.084375
2 0.3671875 0.653125 0.040625 0.053125
2 0.3515625 0.74140625 0.040625 0.053125
2 0.39375 0.19453125 0.040625 0.046875
2 0.29921875 0.19140625 0.046875 0.0546875
2 0.3140625 0.43671875 0.0390625 0.0484375
0 0.42578125 0.50078125 0.071875 0.0546875
2 0.0734375 0.796875 0.05625 0.0609375
2 0.04140625 0.34609375 0.059375 0.053125
2 0.1609375 0.19453125 0.05625 0.053125
2 0.1109375 0.19296875 0.040625 0.053125
2 0.04375 0.19453125 0.065625 0.05625
2 0.00546875 0.18203125 0.0109375 0.053125
0 0.884375 0.43828125 0.075 0.09375