2 0.4140625 0.54296875 0.0421875 0.0453125
2 0.3859375 0.578125 0.046875 0.0421875
2 0.3765625 0.5421875 0.025 0.0296875
2 0.35546875 0.53515625 0.021875 0.0265625
2 0.3359375 0.54375 0.025 0.025
2 0.3 0.57578125 0.040625 0.034375
2 0.26953125 0.7640625 0.03125 0.03125
2 0.446875 0.540625 0.021875 0.025
2 0.45625 0.484375 0.021875 0.025
2 0.47109375 0.32265625 0.0234375 0.0296875
2 0.62578125 0.4453125 0.021875 0.025
2 0.48125 0.6703125 0.025 0.03125
2 0.415625 0.6875 0.0421875 0.053125
2 0.365625 0.6890625 0.040625 0.05
2 0.35859375 0.72421875 0.01875 0.0203125
0 0.41328125 0.63359375 0.0453125 0.03125
2 0.4359375 0.81796875 0.021875 0.03125
2 0.4921875 0.81796875 0.021875 0.03125
2 0.57734375 0.8171875 0.01875 0.03125
2 0.60234375 0.81875 0.0203125 0.03125
2 0.6484375 0.81640625 0.0203125 0.0328125
2 0.646875 0.72109375 0.021875 0.034375