2 0.41328125 0.3953125 0.1171875 0.078125
2 0.46640625 0.47421875 0.1203125 0.075
2 0.61640625 0.2796875 0.075 0.0640625
2 0.71015625 0.3765625 0.075 0.0625
2 0.87421875 0.56328125 0.078125 0.071875
2 0.93203125 0.63046875 0.08125 0.0828125
2 0.90546875 0.91953125 0.0703125 0.09375
2 0.3765625 0.6734375 0.1125 0.0734375
2 0.43046875 0.71640625 0.065625 0.053125
2 0.409375 0.8 0.059375 0.05625
2 0.33671875 0.98046875 0.059375 0.0390625
2 0.3765625 0.1375 0.06875 0.05625
0 0.2390625 0.125 0.05 0.0828125
0 0.096875 0.3296875 0.034375 0.05625
0 0.14765625 0.1375 0.0390625 0.0609375
0 0.4484375 0.5484375 0.0875 0.0734375
2 0.371875 0.57890625 0.121875 0.071875
2 0.2953125 0.4546875 0.109375 0.0515625
2 0.328125 0.53828125 0.0578125 0.040625
2 0.56171875 0.6046875 0.06875 0.05
2 0.0359375 0.50703125 0.071875 0.0328125
2 0.04375 0.53984375 0.084375 0.0375