2 0.55546875 0.50078125 0.0984375 0.0671875
2 0.66953125 0.50546875 0.1125 0.071875
2 0.8015625 0.4859375 0.1234375 0.0859375
2 0.41875 0.4828125 0.125 0.096875
2 0.3421875 0.396875 0.06875 0.05
2 0.73984375 0.34296875 0.065625 0.053125
2 0.74453125 0.03359375 0.05 0.059375
2 0.2296875 0.4078125 0.0890625 0.065625
2 0.2109375 0.54140625 0.05625 0.040625
2 0.55625 0.64375 0.0921875 0.071875
2 0.66640625 0.646875 0.0875 0.071875
2 0.76796875 0.63515625 0.103125 0.071875
2 0.57578125 0.56796875 0.08125 0.059375
2 0.66796875 0.57421875 0.09375 0.0609375
2 0.76796875 0.559375 0.0765625 0.059375
2 0.25703125 0.06484375 0.2484375 0.1296875
3 0.79375 0.40703125 0.0515625 0.0125
3 0.79375 0.42265625 0.053125 0.0125
3 0.72109375 0.42109375 0.015625 0.0375
3 0.81015625 0.33828125 0.021875 0.034375
3 0.2890625 0.54296875 0.0171875 0.034375
3 0.30703125 0.54296875 0.015625 0.0375
3 0.32421875 0.43828125 0.05 0.0109375
3 0.34609375 0.45703125 0.0328125 0.009375
3 0.3421875 0.48203125 0.021875 0.0125
4 0.5515625 0.38125 0.025 0.040625
3 0.72421875 0.3875 0.040625 0.015625
3 0.43046875 0.634375 0.0453125 0.0140625
4 0.28125 0.2296875 0.0390625 0.078125