2 0.39296875 0.31640625 0.059375 0.0875
2 0.5 0.63359375 0.0375 0.046875
2 0.48203125 0.5734375 0.0609375 0.075
2 0.39375 0.57421875 0.0625 0.08125
2 0.6625 0.70390625 0.046875 0.053125
2 0.59765625 0.37109375 0.05625 0.078125
2 0.53515625 0.32421875 0.034375 0.0546875
2 0.50078125 0.31171875 0.03125 0.0546875
2 0.46796875 0.32421875 0.0328125 0.053125
2 0.4453125 0.37734375 0.059375 0.0875
2 0.34375 0.32578125 0.0421875 0.05625
2 0.32734375 0.23359375 0.04375 0.0546875
2 0.37109375 0.80390625 0.04375 0.05
2 0.27265625 0.80703125 0.0484375 0.05625
2 0.28828125 0.55078125 0.040625 0.05
0 0.4046875 0.48359375 0.075 0.05625
2 0.0375 0.17578125 0.059375 0.0625
2 0.01796875 0.64609375 0.034375 0.0546875
2 0.128125 0.80390625 0.0578125 0.05625
2 0.0765625 0.80546875 0.04375 0.0546875
2 0.02109375 0.8046875 0.0421875 0.059375
0 0.8828125 0.54921875 0.078125 0.096875