2 0.57734375 0.3171875 0.059375 0.0875
2 0.46953125 0.63515625 0.0375 0.046875
2 0.48828125 0.575 0.0609375 0.075
2 0.5765625 0.57578125 0.0625 0.08125
2 0.30625 0.70625 0.0484375 0.053125
2 0.371875 0.371875 0.05625 0.078125
2 0.434375 0.32421875 0.034375 0.0546875
2 0.46953125 0.31171875 0.0328125 0.0546875
2 0.50234375 0.32421875 0.0328125 0.053125
2 0.525 0.378125 0.059375 0.0875
2 0.6265625 0.32578125 0.0421875 0.05625
2 0.64375 0.23359375 0.04375 0.0546875
2 0.59921875 0.80625 0.04375 0.05
2 0.6984375 0.809375 0.05 0.05625
2 0.6828125 0.55234375 0.040625 0.05
0 0.565625 0.48515625 0.075 0.05625
2 0.93515625 0.175 0.059375 0.0625
2 0.96875 0.64765625 0.0625 0.05625
2 0.84375 0.80625 0.0578125 0.05625
2 0.89609375 0.8078125 0.04375 0.0546875
2 0.965625 0.80625 0.06875 0.059375
0 0.084375 0.55078125 0.078125 0.096875