2 0.48046875 0.428125 0.04140625 0.0390625
2 0.4484375 0.40234375 0.03828125 0.04375
2 0.48125 0.39375 0.02734375 0.0234375
2 0.4875 0.375 0.02421875 0.02109375
2 0.4796875 0.35703125 0.0234375 0.02265625
2 0.45 0.3234375 0.03125 0.0375
2 0.278125 0.29609375 0.02890625 0.028125
2 0.4828125 0.45859375 0.0234375 0.02109375
2 0.53359375 0.46640625 0.0234375 0.0203125
2 0.68203125 0.48046875 0.02734375 0.021875
2 0.5703125 0.621875 0.02265625 0.01953125
2 0.36328125 0.48984375 0.0296875 0.02265625
2 0.3484375 0.4296875 0.0484375 0.03828125
2 0.34609375 0.38359375 0.046875 0.03671875
2 0.31484375 0.37734375 0.01875 0.0171875
0 0.39765625 0.42734375 0.0296875 0.04140625
2 0.22890625 0.4484375 0.028125 0.02109375
2 0.22890625 0.5 0.02890625 0.0203125
2 0.22890625 0.57734375 0.028125 0.01796875
2 0.228125 0.60078125 0.02734375 0.01796875
2 0.2296875 0.64296875 0.03046875 0.01796875
2 0.3171875 0.64140625 0.03046875 0.0203125