2 0.53984375 0.59765625 0.06875 0.06875
2 0.54765625 0.28671875 0.059375 0.046875
2 0.49765625 0.49375 0.078125 0.059375
2 0.5265625 0.33046875 0.0578125 0.04375
2 0.49765625 0.36484375 0.0765625 0.065625
2 0.48046875 0.25703125 0.078125 0.078125
0 0.425 0.3515625 0.08125 0.0640625
0 0.47578125 0.58671875 0.075 0.05625
4 0.81796875 0.790625 0.0484375 0.0296875
4 0.82109375 0.7578125 0.0453125 0.03125
2 0.63828125 0.3578125 0.059375 0.053125
2 0.65703125 0.3140625 0.0609375 0.040625
2 0.7828125 0.2109375 0.13125 0.10625