2 0.54453125 0.40234375 0.065625 0.065625
2 0.5515625 0.6984375 0.05625 0.0453125
2 0.5046875 0.50078125 0.075 0.0578125
2 0.53203125 0.65703125 0.05625 0.040625
2 0.5046875 0.6234375 0.071875 0.0625
2 0.4875 0.7265625 0.075 0.075
0 0.43515625 0.63671875 0.0765625 0.0609375
0 0.48359375 0.4125 0.071875 0.0546875
4 0.809375 0.21875 0.046875 0.028125
4 0.8125 0.24921875 0.04375 0.028125
2 0.63828125 0.63046875 0.05625 0.05
2 0.65625 0.67265625 0.0578125 0.0375
2 0.7765625 0.77109375 0.125 0.103125