2 0.4890625 0.42109375 0.0421875 0.040625
2 0.45625 0.3953125 0.0390625 0.04375
2 0.48984375 0.3859375 0.028125 0.025
2 0.49609375 0.36640625 0.025 0.021875
2 0.48828125 0.3484375 0.025 0.021875
2 0.4578125 0.3140625 0.03125 0.0375
2 0.28203125 0.2859375 0.0296875 0.028125
2 0.49140625 0.45234375 0.0234375 0.021875
2 0.54375 0.4609375 0.0234375 0.021875
2 0.69453125 0.47421875 0.028125 0.021875
2 0.58046875 0.61875 0.0234375 0.0203125
2 0.36953125 0.48359375 0.03125 0.021875
2 0.35390625 0.42265625 0.05 0.0390625
2 0.3515625 0.37578125 0.046875 0.0375
2 0.31953125 0.36953125 0.01875 0.0171875
0 0.40390625 0.42109375 0.03125 0.0421875
2 0.23203125 0.4421875 0.028125 0.021875
2 0.23203125 0.49453125 0.0296875 0.021875
2 0.23203125 0.5734375 0.028125 0.01875
2 0.23125 0.59765625 0.028125 0.01875
2 0.2328125 0.640625 0.03125 0.01875
2 0.321875 0.6390625 0.03125 0.0203125