2 0.48671875 0.5109375 0.0671875 0.0984375
2 0.48203125 0.62578125 0.0734375 0.1125
2 0.5015625 0.75859375 0.0875 0.125
2 0.5046875 0.3734375 0.0984375 0.125
2 0.590625 0.296875 0.05 0.06875
2 0.6453125 0.69609375 0.053125 0.065625
2 0.95625 0.7015625 0.0609375 0.0515625
2 0.58046875 0.18359375 0.065625 0.090625
2 0.4453125 0.16484375 0.040625 0.0578125
2 0.34296875 0.51171875 0.0734375 0.0921875
2 0.33984375 0.62265625 0.071875 0.0875
2 0.3515625 0.72421875 0.071875 0.103125
2 0.41875 0.53125 0.0609375 0.08125
2 0.4125 0.6234375 0.0625 0.09375
2 0.428125 0.72421875 0.059375 0.0765625
2 0.9296875 0.2109375 0.140625 0.25
3 0.58125 0.75 0.0125 0.0515625
3 0.565625 0.75078125 0.0140625 0.053125
3 0.56640625 0.67734375 0.0375 0.015625
3 0.65 0.76640625 0.034375 0.021875
3 0.44375 0.24296875 0.034375 0.0171875
3 0.44453125 0.2609375 0.0375 0.015625
3 0.54921875 0.27890625 0.0125 0.05
3 0.53046875 0.30078125 0.009375 0.0328125
3 0.50546875 0.29609375 0.0125 0.021875
4 0.60703125 0.50703125 0.040625 0.025
3 0.60078125 0.68046875 0.015625 0.040625
3 0.35234375 0.38515625 0.0140625 0.046875
4 0.759375 0.23515625 0.0796875 0.0390625