2 0.58515625 0.45234375 0.0421875 0.0453125
2 0.6125 0.4171875 0.0484375 0.0421875
2 0.62265625 0.453125 0.025 0.0296875
2 0.64375 0.46015625 0.0234375 0.0265625
2 0.66328125 0.4515625 0.025 0.025
2 0.7 0.41875 0.040625 0.034375
2 0.73046875 0.23046875 0.03125 0.03125
2 0.5515625 0.4546875 0.0234375 0.025
2 0.5421875 0.5109375 0.021875 0.025
2 0.52734375 0.6734375 0.025 0.0296875
2 0.371875 0.55078125 0.021875 0.025
2 0.5171875 0.32421875 0.025 0.03125
2 0.58359375 0.30703125 0.0421875 0.053125
2 0.63359375 0.3046875 0.040625 0.0515625
2 0.640625 0.2703125 0.01875 0.0203125
0 0.58515625 0.3609375 0.0453125 0.03125
2 0.5625 0.17578125 0.021875 0.03125
2 0.50625 0.17578125 0.021875 0.03125
2 0.4203125 0.1765625 0.01875 0.03125
2 0.39453125 0.175 0.0203125 0.03125
2 0.34921875 0.17734375 0.0203125 0.034375
2 0.35 0.27265625 0.021875 0.034375