2 0.5578125 0.57734375 0.1140625 0.0765625
2 0.50625 0.5 0.115625 0.071875
2 0.36015625 0.6890625 0.071875 0.0625
2 0.26953125 0.5953125 0.0734375 0.059375
2 0.11015625 0.41328125 0.075 0.0703125
2 0.05390625 0.3484375 0.078125 0.08125
2 0.0796875 0.0671875 0.06875 0.090625
2 0.59375 0.30625 0.109375 0.071875
2 0.54140625 0.2640625 0.0640625 0.053125
2 0.56171875 0.18359375 0.059375 0.053125
2 0.6328125 0.01328125 0.059375 0.0265625
2 0.59375 0.82734375 0.065625 0.05625
0 0.72734375 0.83984375 0.05 0.08125
0 0.86484375 0.640625 0.0328125 0.05625
0 0.815625 0.82734375 0.0375 0.059375
0 0.5234375 0.428125 0.084375 0.071875
2 0.5984375 0.39765625 0.1171875 0.06875
2 0.67265625 0.51875 0.10625 0.05
2 0.640625 0.43828125 0.05625 0.0390625
2 0.41328125 0.37265625 0.065625 0.05
2 0.92890625 0.4671875 0.078125 0.0328125
2 0.9171875 0.4359375 0.08125 0.0375