2 0.4359375 0.4296875 0.115625 0.078125
2 0.4875 0.5078125 0.11875 0.0734375
2 0.63515625 0.315625 0.0734375 0.0625
2 0.72734375 0.4109375 0.075 0.0609375
2 0.8890625 0.5953125 0.075 0.071875
2 0.9453125 0.6609375 0.078125 0.08125
2 0.91953125 0.94609375 0.06875 0.09375
2 0.39921875 0.70390625 0.109375 0.071875
2 0.45234375 0.74609375 0.065625 0.053125
2 0.43125 0.828125 0.059375 0.0546875
2 0.36015625 0.99375 0.059375 0.0125
2 0.39921875 0.1765625 0.065625 0.05625
0 0.2640625 0.1640625 0.05 0.08125
0 0.125 0.365625 0.034375 0.05625
0 0.175 0.17578125 0.0375 0.059375
0 0.4703125 0.58046875 0.0859375 0.071875
2 0.3953125 0.6109375 0.11875 0.06875
2 0.31953125 0.48828125 0.10625 0.05
2 0.3515625 0.5703125 0.05625 0.0390625
2 0.58203125 0.63671875 0.065625 0.05
2 0.0609375 0.540625 0.0796875 0.0328125
2 0.07265625 0.57265625 0.0828125 0.0375