2 0.5015625 0.4671875 0.0640625 0.09375
2 0.50625 0.3578125 0.06875 0.1078125
2 0.4875 0.23125 0.0828125 0.11875
2 0.484375 0.59921875 0.09375 0.1203125
2 0.40234375 0.671875 0.0484375 0.065625
2 0.35 0.290625 0.05 0.0640625
2 0.053125 0.28515625 0.0578125 0.05
2 0.4125 0.78046875 0.0625 0.0859375
2 0.540625 0.7984375 0.040625 0.05625
2 0.6390625 0.4671875 0.06875 0.0875
2 0.6421875 0.3609375 0.06875 0.084375
2 0.63046875 0.26328125 0.06875 0.096875
2 0.56640625 0.44765625 0.0578125 0.078125
2 0.57265625 0.359375 0.059375 0.090625
2 0.5578125 0.26328125 0.05625 0.0734375
2 0.07265625 0.75390625 0.1453125 0.2390625
3 0.4109375 0.2390625 0.0125 0.05
3 0.4265625 0.23828125 0.0125 0.05
3 0.425 0.30859375 0.0359375 0.015625
3 0.3453125 0.2234375 0.034375 0.0203125
3 0.5421875 0.7234375 0.034375 0.015625
3 0.5421875 0.70625 0.0359375 0.015625
3 0.44140625 0.68984375 0.0109375 0.0484375
3 0.46015625 0.66875 0.009375 0.03125
3 0.48359375 0.67265625 0.0125 0.021875
4 0.38671875 0.47109375 0.040625 0.025
3 0.3921875 0.30546875 0.0140625 0.040625
3 0.63046875 0.58828125 0.0125 0.04375
4 0.24140625 0.73125 0.075 0.0375