2 0.6625 0.58203125 0.0828125 0.05546875
2 0.3609375 0.4796875 0.04453125 0.0359375
2 0.41796875 0.49765625 0.07109375 0.0578125
2 0.4171875 0.58125 0.07734375 0.059375
2 0.29375 0.325 0.05078125 0.04609375
2 0.6109375 0.38671875 0.0734375 0.05390625
2 0.65546875 0.44609375 0.05234375 0.03359375
2 0.66796875 0.47890625 0.05234375 0.03125
2 0.65625 0.5109375 0.04921875 0.03125
2 0.6046875 0.53203125 0.08359375 0.05703125
2 0.65390625 0.62890625 0.053125 0.040625
2 0.7421875 0.64453125 0.05234375 0.04140625
2 0.19921875 0.603125 0.04765625 0.04140625
2 0.19609375 0.696875 0.05390625 0.046875
2 0.43984375 0.68203125 0.0484375 0.0390625
0 0.503125 0.5703125 0.05390625 0.071875
2 0.796875 0.9203125 0.06015625 0.05625
2 0.34921875 0.95234375 0.05234375 0.059375
2 0.19921875 0.834375 0.05234375 0.05546875
2 0.19765625 0.88359375 0.0515625 0.04140625
2 0.19921875 0.95 0.05546875 0.06484375
2 0.1875 0.99140625 0.053125 0.0171875
0 0.44140625 0.11484375 0.09296875 0.075