2 0.69453125 0.31953125 0.04609375 0.06484375
2 0.365625 0.3921875 0.11796875 0.1453125
2 0.678125 0.4359375 0.04296875 0.05390625
2 0.78203125 0.45234375 0.03671875 0.03671875
2 0.8234375 0.41796875 0.03125 0.03203125
2 0.73203125 0.37578125 0.078125 0.10234375
2 0.71015625 0.334375 0.05390625 0.05546875
4 0.10703125 0.43359375 0.04921875 0.03984375
2 0.60234375 0.33046875 0.03046875 0.0375
5 0.22421875 0.30078125 0.09609375 0.0796875
2 0.39296875 0.3140625 0.02265625 0.0140625
4 0.51875 0.42109375 0.059375 0.03359375