2 0.53671875 0.509375 0.0921875 0.0625
2 0.64453125 0.51328125 0.10625 0.06875
2 0.76875 0.49453125 0.115625 0.08125
2 0.4078125 0.4921875 0.11875 0.0921875
2 0.3359375 0.4109375 0.0640625 0.046875
2 0.71015625 0.36015625 0.0625 0.05
2 0.71484375 0.06875 0.0484375 0.05625
2 0.2296875 0.42109375 0.084375 0.0625
2 0.2125 0.54765625 0.053125 0.0390625
2 0.5375 0.64296875 0.0875 0.06875
2 0.64140625 0.64609375 0.0828125 0.0671875
2 0.73671875 0.63515625 0.096875 0.065625
2 0.55625 0.57265625 0.075 0.05625
2 0.6421875 0.578125 0.0875 0.0578125
2 0.73671875 0.5640625 0.071875 0.05625
2 0.25546875 0.0796875 0.234375 0.159375
3 0.7609375 0.4203125 0.0484375 0.0125
3 0.76171875 0.43515625 0.05 0.0125
3 0.69296875 0.43359375 0.015625 0.034375
3 0.7765625 0.35546875 0.01875 0.0328125
3 0.28515625 0.5484375 0.015625 0.0328125
3 0.30234375 0.5484375 0.015625 0.034375
3 0.31875 0.45 0.046875 0.0109375
3 0.3390625 0.46796875 0.03125 0.009375
3 0.33515625 0.49140625 0.0203125 0.0125
4 0.5328125 0.39609375 0.025 0.0390625
3 0.6953125 0.4015625 0.0390625 0.0140625
3 0.41875 0.63515625 0.04375 0.0125
4 0.278125 0.253125 0.0375 0.075