2 0.43125 0.7140625 0.059375 0.090625
2 0.5421875 0.38671875 0.0375 0.0484375
2 0.52265625 0.4484375 0.0625 0.0765625
2 0.43203125 0.44765625 0.0640625 0.084375
2 0.71015625 0.31328125 0.05 0.0546875
2 0.64296875 0.6578125 0.059375 0.0796875
2 0.578125 0.70625 0.0359375 0.05625
2 0.5421875 0.71953125 0.034375 0.05625
2 0.5078125 0.70625 0.034375 0.053125
2 0.48515625 0.65078125 0.0625 0.090625
2 0.38046875 0.7046875 0.04375 0.0578125
2 0.36328125 0.8 0.0453125 0.05625
2 0.40859375 0.2109375 0.04375 0.0515625
2 0.30625 0.2078125 0.05 0.059375
2 0.32265625 0.471875 0.0421875 0.053125
0 0.44296875 0.54140625 0.078125 0.059375
2 0.06328125 0.86015625 0.0609375 0.065625
2 0.03046875 0.3734375 0.0609375 0.05625
2 0.15703125 0.2109375 0.059375 0.05625
2 0.103125 0.20859375 0.0453125 0.05625
2 0.03359375 0.2109375 0.065625 0.0609375
0 0.93828125 0.4734375 0.08125 0.1