2 0.66328125 0.584375 0.084375 0.05625
2 0.35859375 0.48046875 0.0453125 0.0359375
2 0.415625 0.4984375 0.071875 0.059375
2 0.41484375 0.5828125 0.078125 0.059375
2 0.28984375 0.32421875 0.05 0.046875
2 0.6109375 0.38671875 0.075 0.0546875
2 0.65625 0.446875 0.053125 0.034375
2 0.66875 0.48046875 0.053125 0.03125
2 0.65625 0.5125 0.05 0.03125
2 0.6046875 0.53359375 0.084375 0.0578125
2 0.6546875 0.63125 0.053125 0.040625
2 0.74375 0.64765625 0.053125 0.0421875
2 0.19375 0.60546875 0.046875 0.040625
2 0.19140625 0.7 0.0546875 0.046875
2 0.4375 0.68515625 0.05 0.040625
0 0.50234375 0.57265625 0.0546875 0.071875
2 0.79921875 0.9265625 0.0609375 0.05625
2 0.34609375 0.95859375 0.053125 0.059375
2 0.19375 0.8390625 0.053125 0.05625
2 0.1921875 0.8890625 0.053125 0.0421875
2 0.19453125 0.95703125 0.05625 0.065625
2 0.18125 0.99453125 0.053125 0.0109375
0 0.43984375 0.11171875 0.09375 0.075