2 0.45625 0.490625 0.0421875 0.04375
2 0.428125 0.52578125 0.046875 0.040625
2 0.41875 0.48984375 0.025 0.0296875
2 0.39765625 0.4828125 0.021875 0.0265625
2 0.378125 0.49140625 0.025 0.025
2 0.3421875 0.5234375 0.040625 0.034375
2 0.3125 0.71015625 0.03125 0.03125
2 0.4890625 0.48828125 0.021875 0.025
2 0.49765625 0.4328125 0.021875 0.025
2 0.5125 0.271875 0.0234375 0.0296875
2 0.66640625 0.39375 0.021875 0.025
2 0.52265625 0.6171875 0.025 0.03125
2 0.4578125 0.634375 0.040625 0.053125
2 0.4078125 0.6359375 0.040625 0.05
2 0.40078125 0.6703125 0.01875 0.0203125
0 0.45546875 0.58046875 0.0453125 0.03125
2 0.478125 0.76328125 0.021875 0.03125
2 0.53359375 0.76328125 0.021875 0.03125
2 0.61796875 0.76328125 0.01875 0.03125
2 0.64375 0.7640625 0.01875 0.0296875
2 0.6890625 0.7625 0.01875 0.0328125
2 0.6875 0.66796875 0.021875 0.034375