2 0.4171875 0.44140625 0.075 0.1125
2 0.49375 0.4921875 0.071875 0.115625
2 0.30546875 0.6375 0.0625 0.071875
2 0.39921875 0.728125 0.059375 0.071875
2 0.5796875 0.88671875 0.06875 0.075
2 0.64453125 0.9421875 0.0796875 0.078125
2 0.92421875 0.9171875 0.090625 0.06875
2 0.68671875 0.40546875 0.071875 0.109375
2 0.728125 0.4578125 0.053125 0.0625
2 0.80859375 0.4375 0.053125 0.0578125
2 0.98203125 0.36640625 0.0359375 0.0578125
2 0.16796875 0.40546875 0.0546875 0.065625
0 0.15625 0.27265625 0.0796875 0.0484375
0 0.35390625 0.1359375 0.0546875 0.0328125
0 0.16796875 0.18515625 0.059375 0.0375
0 0.565625 0.47578125 0.071875 0.084375
2 0.5953125 0.4015625 0.06875 0.1171875
2 0.475 0.32734375 0.05 0.1046875
2 0.55546875 0.35859375 0.0375 0.05625
2 0.6203125 0.58515625 0.0484375 0.065625
2 0.5265625 0.07265625 0.03125 0.078125
2 0.55703125 0.084375 0.0375 0.08125