2 0.56171875 0.54375 0.040625 0.04375
2 0.58828125 0.57734375 0.046875 0.040625
2 0.59765625 0.54296875 0.025 0.028125
2 0.61796875 0.5359375 0.021875 0.025
2 0.63671875 0.54453125 0.0234375 0.025
2 0.671875 0.57578125 0.0390625 0.0328125
2 0.70078125 0.75703125 0.0296875 0.03125
2 0.5296875 0.54140625 0.021875 0.025
2 0.52109375 0.4875 0.021875 0.025
2 0.50625 0.33125 0.021875 0.028125
2 0.35703125 0.44921875 0.021875 0.025
2 0.496875 0.6671875 0.0234375 0.03125
2 0.56015625 0.6828125 0.040625 0.05
2 0.60859375 0.68515625 0.0375 0.05
2 0.61484375 0.71875 0.01875 0.01875
0 0.56171875 0.63125 0.04375 0.03125
2 0.53984375 0.809375 0.021875 0.0296875
2 0.4859375 0.809375 0.021875 0.03125
2 0.40390625 0.80859375 0.01875 0.0296875
2 0.3796875 0.81015625 0.01875 0.028125
2 0.33515625 0.8078125 0.01875 0.03125
2 0.33671875 0.715625 0.021875 0.0328125