2 0.51484375 0.534375 0.0625 0.09375
2 0.51875 0.64296875 0.06875 0.10625
2 0.5 0.76875 0.08125 0.11875
2 0.49765625 0.40390625 0.09375 0.11875
2 0.415625 0.33203125 0.0484375 0.0640625
2 0.3640625 0.71015625 0.05 0.0625
2 0.0703125 0.71484375 0.05625 0.0484375
2 0.42578125 0.22421875 0.0625 0.084375
2 0.553125 0.20703125 0.0390625 0.0546875
2 0.65 0.53515625 0.06875 0.0875
2 0.653125 0.63984375 0.06875 0.084375
2 0.6421875 0.73671875 0.0671875 0.096875
2 0.57890625 0.55390625 0.05625 0.0765625
2 0.584375 0.64140625 0.0578125 0.0875
2 0.5703125 0.73671875 0.05625 0.071875
2 0.08125 0.25078125 0.1625 0.2375
3 0.425 0.7609375 0.0125 0.05
3 0.43984375 0.76171875 0.0125 0.05
3 0.4390625 0.6921875 0.0359375 0.015625
3 0.359375 0.7765625 0.034375 0.01875
3 0.5546875 0.28125 0.0328125 0.015625
3 0.5546875 0.2984375 0.034375 0.015625
3 0.4546875 0.31484375 0.0109375 0.046875
3 0.4734375 0.33515625 0.009375 0.03125
3 0.496875 0.33125 0.0125 0.0203125
4 0.40078125 0.53125 0.0390625 0.025
3 0.40625 0.69453125 0.0140625 0.0390625
3 0.64140625 0.415625 0.0125 0.04375
4 0.25703125 0.2734375 0.075 0.0375