2 0.4734375 0.4375 0.04375 0.040625
2 0.43984375 0.4109375 0.040625 0.046875
2 0.47421875 0.4015625 0.028125 0.025
2 0.48125 0.38203125 0.025 0.021875
2 0.4734375 0.36328125 0.025 0.0234375
2 0.4421875 0.328125 0.0328125 0.0390625
2 0.2609375 0.29921875 0.03125 0.028125
2 0.47578125 0.46953125 0.025 0.021875
2 0.5296875 0.478125 0.025 0.021875
2 0.68515625 0.49296875 0.028125 0.021875
2 0.56796875 0.64140625 0.0234375 0.0203125
2 0.35078125 0.50234375 0.03125 0.0234375
2 0.33515625 0.4390625 0.05 0.040625
2 0.3328125 0.39140625 0.05 0.0375
2 0.3 0.384375 0.01875 0.01875
0 0.38671875 0.4375 0.03125 0.04375
2 0.209375 0.459375 0.0296875 0.021875
2 0.209375 0.51328125 0.03125 0.021875
2 0.21015625 0.59453125 0.0296875 0.01875
2 0.20859375 0.61875 0.028125 0.01875
2 0.2109375 0.6625 0.03125 0.01875
2 0.30234375 0.66171875 0.03125 0.021875