2 0.5734375 0.42109375 0.1109375 0.075
2 0.5234375 0.49609375 0.1125 0.071875
2 0.38125 0.3125 0.0703125 0.0609375
2 0.29375 0.40390625 0.071875 0.059375
2 0.13828125 0.58046875 0.0734375 0.06875
2 0.08359375 0.64375 0.075 0.078125
2 0.10859375 0.91796875 0.065625 0.0890625
2 0.60859375 0.684375 0.10625 0.06875
2 0.5578125 0.72578125 0.0625 0.0515625
2 0.57734375 0.80390625 0.05625 0.053125
2 0.646875 0.978125 0.05625 0.04375
2 0.60859375 0.178125 0.0640625 0.053125
0 0.73828125 0.165625 0.046875 0.078125
0 0.87265625 0.359375 0.03125 0.053125
0 0.82421875 0.17734375 0.0375 0.05625
0 0.53984375 0.56640625 0.08125 0.06875
2 0.6125 0.59609375 0.1140625 0.0671875
2 0.6859375 0.478125 0.103125 0.0484375
2 0.6546875 0.55703125 0.0546875 0.0375
2 0.43359375 0.6203125 0.0640625 0.046875
2 0.934375 0.528125 0.0765625 0.03125
2 0.92265625 0.55859375 0.0796875 0.0375