2 0.57265625 0.42421875 0.075 0.1109375
2 0.49765625 0.47421875 0.071875 0.1125
2 0.68203125 0.61640625 0.0609375 0.0703125
2 0.590625 0.7046875 0.059375 0.071875
2 0.41328125 0.86015625 0.06875 0.0734375
2 0.35 0.91484375 0.078125 0.075
2 0.0765625 0.88984375 0.0890625 0.065625
2 0.309375 0.3890625 0.06875 0.10625
2 0.26796875 0.440625 0.0515625 0.0625
2 0.18984375 0.4203125 0.053125 0.05625
2 0.01875 0.35078125 0.0375 0.0578125
2 0.815625 0.3890625 0.053125 0.0640625
0 0.828125 0.259375 0.078125 0.046875
0 0.634375 0.12578125 0.053125 0.03125
0 0.81640625 0.1734375 0.05625 0.0375
0 0.42734375 0.4578125 0.06875 0.08125
2 0.3984375 0.38515625 0.0671875 0.1140625
2 0.515625 0.3125 0.0484375 0.103125
2 0.4375 0.34375 0.0375 0.0546875
2 0.3734375 0.56484375 0.046875 0.0640625
2 0.465625 0.0640625 0.03125 0.0765625
2 0.43515625 0.07578125 0.0375 0.0796875