2 0.3359375 0.571875 0.0890625 0.059375
2 0.66171875 0.4609375 0.0484375 0.0375
2 0.6 0.48046875 0.0765625 0.0625
2 0.60078125 0.5703125 0.084375 0.0640625
2 0.734375 0.29375 0.0546875 0.05
2 0.39140625 0.3609375 0.0796875 0.059375
2 0.34375 0.425 0.05625 0.0359375
2 0.33046875 0.4609375 0.05625 0.034375
2 0.34296875 0.49453125 0.053125 0.034375
2 0.3984375 0.51796875 0.090625 0.0625
2 0.3453125 0.621875 0.05625 0.04375
2 0.25 0.6390625 0.05625 0.04375
2 0.83671875 0.59375 0.0515625 0.04375
2 0.83984375 0.6953125 0.059375 0.05
2 0.5765625 0.6796875 0.053125 0.0421875
0 0.5078125 0.559375 0.059375 0.078125
2 0.190625 0.9375 0.065625 0.059375
2 0.67421875 0.96953125 0.05625 0.0609375
2 0.83671875 0.84375 0.05625 0.059375
2 0.83828125 0.89765625 0.05625 0.04375
2 0.8375 0.96640625 0.059375 0.0671875
0 0.575 0.0671875 0.1 0.08125