2 0.4328125 0.52578125 0.040625 0.04375
2 0.40625 0.559375 0.0453125 0.040625
2 0.396875 0.525 0.025 0.028125
2 0.37734375 0.51875 0.021875 0.025
2 0.35859375 0.5265625 0.0234375 0.025
2 0.32421875 0.5578125 0.0390625 0.0328125
2 0.2953125 0.7359375 0.028125 0.03125
2 0.4640625 0.5234375 0.021875 0.025
2 0.47265625 0.4703125 0.021875 0.025
2 0.48671875 0.3171875 0.021875 0.028125
2 0.63359375 0.4328125 0.0203125 0.0234375
2 0.49609375 0.64765625 0.0234375 0.03125
2 0.434375 0.66328125 0.040625 0.05
2 0.38671875 0.66484375 0.0375 0.0484375
2 0.3796875 0.6984375 0.01875 0.01875
0 0.43203125 0.61171875 0.04375 0.03125
2 0.45390625 0.7875 0.021875 0.028125
2 0.50703125 0.7875 0.021875 0.03125
2 0.5875 0.78671875 0.01875 0.028125
2 0.61171875 0.78828125 0.01875 0.028125
2 0.65546875 0.7859375 0.01875 0.03125
2 0.65390625 0.6953125 0.021875 0.03125