2 0.53828125 0.5109375 0.09140625 0.0625
2 0.64453125 0.515625 0.1046875 0.06796875
2 0.76796875 0.496875 0.11484375 0.08046875
2 0.4109375 0.49453125 0.11640625 0.090625
2 0.340625 0.41484375 0.06328125 0.046875
2 0.71015625 0.3640625 0.06171875 0.04921875
2 0.71484375 0.07578125 0.04765625 0.05625
2 0.23515625 0.42421875 0.0828125 0.06171875
2 0.21796875 0.54921875 0.053125 0.03828125
2 0.5390625 0.64375 0.08515625 0.06796875
2 0.6421875 0.646875 0.08203125 0.06640625
2 0.73671875 0.6359375 0.0953125 0.065625
2 0.5578125 0.57421875 0.075 0.05625
2 0.64296875 0.5796875 0.08671875 0.05703125
2 0.73671875 0.565625 0.07109375 0.05546875
2 0.2609375 0.08359375 0.23125 0.16484375
3 0.76015625 0.4234375 0.04765625 0.01171875
3 0.7609375 0.43828125 0.04921875 0.0125
3 0.69296875 0.43671875 0.0140625 0.03515625
3 0.77578125 0.359375 0.01953125 0.0328125
3 0.290625 0.55078125 0.015625 0.03203125
3 0.30703125 0.55 0.01484375 0.03515625
3 0.3234375 0.453125 0.046875 0.01015625
3 0.34375 0.4703125 0.03046875 0.009375
3 0.33984375 0.49375 0.0203125 0.0109375
4 0.53515625 0.39921875 0.0234375 0.03828125
3 0.6953125 0.40546875 0.03828125 0.0140625
3 0.421875 0.6359375 0.0421875 0.01328125
4 0.28359375 0.25859375 0.0359375 0.0734375