2 0.51328125 0.55859375 0.065625 0.096875
2 0.50859375 0.6703125 0.071875 0.109375
2 0.528125 0.8 0.084375 0.121875
2 0.53125 0.4234375 0.096875 0.121875
2 0.61484375 0.34921875 0.05 0.065625
2 0.66875 0.7390625 0.0515625 0.065625
2 0.97109375 0.74453125 0.05625 0.05
2 0.6046875 0.23828125 0.065625 0.0875
2 0.4734375 0.2203125 0.040625 0.05625
2 0.3734375 0.55859375 0.071875 0.090625
2 0.36953125 0.6671875 0.0703125 0.0875
2 0.38125 0.7671875 0.06875 0.1
2 0.446875 0.578125 0.059375 0.078125
2 0.440625 0.66875 0.059375 0.090625
2 0.45546875 0.7671875 0.059375 0.075
2 0.9390625 0.26484375 0.121875 0.24375
3 0.60546875 0.7921875 0.0125 0.05
3 0.590625 0.7921875 0.0125 0.053125
3 0.59140625 0.72109375 0.0375 0.015625
3 0.6734375 0.8078125 0.034375 0.0203125
3 0.471875 0.29609375 0.034375 0.0171875
3 0.471875 0.3140625 0.0375 0.015625
3 0.575 0.33125 0.0109375 0.05
3 0.55625 0.35234375 0.009375 0.03125
3 0.53125 0.3484375 0.0125 0.021875
4 0.63125 0.5546875 0.040625 0.025
3 0.625 0.7234375 0.015625 0.040625
3 0.38125 0.43515625 0.0140625 0.04375
4 0.7796875 0.2890625 0.078125 0.0375