2 0.51171875 0.49296875 0.06875 0.1
2 0.51640625 0.37734375 0.0734375 0.1125
2 0.49609375 0.24453125 0.0875 0.125
2 0.49296875 0.63125 0.0984375 0.1265625
2 0.40703125 0.7078125 0.0515625 0.06875
2 0.3515625 0.30703125 0.053125 0.0671875
2 0.0390625 0.3015625 0.0609375 0.0515625
2 0.4171875 0.821875 0.065625 0.090625
2 0.55234375 0.840625 0.040625 0.0578125
2 0.65546875 0.4921875 0.0734375 0.09375
2 0.659375 0.38046875 0.071875 0.0890625
2 0.646875 0.278125 0.071875 0.103125
2 0.5796875 0.47265625 0.0609375 0.08125
2 0.5859375 0.3796875 0.0625 0.09375
2 0.5703125 0.278125 0.059375 0.078125
2 0.06796875 0.79453125 0.1359375 0.2515625
3 0.41640625 0.25234375 0.0125 0.053125
3 0.43203125 0.25234375 0.0140625 0.053125
3 0.43125 0.32578125 0.0375 0.015625
3 0.346875 0.2359375 0.034375 0.021875
3 0.55390625 0.7625 0.034375 0.0171875
3 0.55390625 0.74375 0.0375 0.015625
3 0.4484375 0.7265625 0.0125 0.05
3 0.4671875 0.7046875 0.009375 0.0328125
3 0.49296875 0.70859375 0.0125 0.021875
4 0.390625 0.496875 0.040625 0.025
3 0.39609375 0.32265625 0.015625 0.040625
3 0.646875 0.61953125 0.0140625 0.046875
4 0.2375 0.76953125 0.0796875 0.0390625