2 0.4171875 0.42265625 0.07265625 0.1078125
2 0.490625 0.47109375 0.06875 0.11015625
2 0.3109375 0.609375 0.059375 0.06875
2 0.4 0.6953125 0.05703125 0.06953125
2 0.57265625 0.846875 0.06640625 0.07109375
2 0.634375 0.9 0.07578125 0.07421875
2 0.90078125 0.87578125 0.08671875 0.06484375
2 0.67421875 0.38828125 0.06796875 0.103125
2 0.7140625 0.43828125 0.05 0.0609375
2 0.790625 0.41875 0.05078125 0.05546875
2 0.9640625 0.3515625 0.0484375 0.05546875
2 0.18046875 0.38828125 0.05234375 0.0625
0 0.16875 0.26171875 0.07578125 0.04609375
0 0.3578125 0.13125 0.05234375 0.03125
0 0.1796875 0.178125 0.05546875 0.0359375
0 0.55859375 0.4546875 0.06796875 0.08046875
2 0.5875 0.384375 0.065625 0.1109375
2 0.47265625 0.31328125 0.04765625 0.1
2 0.54921875 0.34375 0.03671875 0.053125
2 0.6109375 0.559375 0.04609375 0.0625
2 0.52109375 0.07109375 0.03125 0.075
2 0.55078125 0.08203125 0.0359375 0.07734375