2 0.42265625 0.69140625 0.0578125 0.0875
2 0.52890625 0.37578125 0.0375 0.046875
2 0.5109375 0.43515625 0.059375 0.075
2 0.4234375 0.434375 0.0625 0.08125
2 0.690625 0.30546875 0.046875 0.053125
2 0.62578125 0.6375 0.05625 0.0765625
2 0.5640625 0.68359375 0.034375 0.0546875
2 0.5296875 0.69609375 0.03125 0.0546875
2 0.496875 0.68359375 0.0328125 0.0515625
2 0.47421875 0.63046875 0.059375 0.0875
2 0.3734375 0.68203125 0.0421875 0.05625
2 0.35703125 0.77421875 0.04375 0.0546875
2 0.40078125 0.20625 0.04375 0.05
2 0.303125 0.203125 0.0484375 0.05625
2 0.31796875 0.4578125 0.040625 0.05
0 0.434375 0.525 0.075 0.05625
2 0.06875 0.83125 0.059375 0.0625
2 0.0359375 0.3640625 0.0625 0.0546875
2 0.159375 0.20625 0.0578125 0.0546875
2 0.1078125 0.2046875 0.04375 0.053125
2 0.0375 0.20703125 0.06875 0.059375
2 0.00234375 0.19375 0.0046875 0.05625
0 0.91015625 0.46015625 0.078125 0.096875