2 0.515625 0.4203125 0.0421875 0.040625
2 0.5484375 0.39453125 0.040625 0.0453125
2 0.51484375 0.38515625 0.028125 0.025
2 0.50859375 0.365625 0.025 0.021875
2 0.51640625 0.34765625 0.025 0.021875
2 0.546875 0.31328125 0.03125 0.0375
2 0.7234375 0.28515625 0.0296875 0.028125
2 0.51328125 0.45234375 0.0234375 0.021875
2 0.4609375 0.46015625 0.0234375 0.021875
2 0.30859375 0.47421875 0.028125 0.021875
2 0.4234375 0.61953125 0.0234375 0.0203125
2 0.6359375 0.48359375 0.03125 0.021875
2 0.6515625 0.421875 0.05 0.0390625
2 0.653125 0.375 0.046875 0.0375
2 0.6859375 0.36875 0.01875 0.0171875
0 0.60078125 0.4203125 0.03125 0.04375
2 0.77421875 0.44140625 0.028125 0.021875
2 0.77421875 0.49453125 0.0296875 0.021875
2 0.7734375 0.57421875 0.028125 0.01875
2 0.775 0.5984375 0.028125 0.01875
2 0.77265625 0.64140625 0.03125 0.01875
2 0.68359375 0.63984375 0.03125 0.0203125