2 0.40234375 0.45546875 0.065625 0.065625
2 0.6984375 0.4484375 0.0453125 0.05703125
2 0.50078125 0.4953125 0.0578125 0.07421875
2 0.65703125 0.46796875 0.04140625 0.05546875
2 0.6234375 0.4953125 0.06171875 0.07265625
2 0.7265625 0.5125 0.07421875 0.07421875
0 0.63671875 0.56484375 0.0609375 0.0765625
0 0.4125 0.51640625 0.0546875 0.071875
4 0.21875 0.190625 0.028125 0.04609375
4 0.24921875 0.1875 0.02890625 0.04296875
2 0.63046875 0.36171875 0.04921875 0.05625
2 0.67265625 0.34375 0.03828125 0.0578125
2 0.77109375 0.2234375 0.10234375 0.12578125