2 0.49921875 0.44765625 0.065625 0.0953125
2 0.50390625 0.33671875 0.0703125 0.109375
2 0.484375 0.209375 0.0828125 0.11875
2 0.48125 0.58046875 0.09375 0.121875
2 0.3984375 0.65390625 0.05 0.065625
2 0.34609375 0.26875 0.05 0.0640625
2 0.04765625 0.2640625 0.059375 0.05
2 0.40859375 0.76328125 0.0640625 0.0875
2 0.53828125 0.78125 0.040625 0.05625
2 0.63671875 0.446875 0.0703125 0.0890625
2 0.63984375 0.33984375 0.06875 0.084375
2 0.628125 0.2421875 0.06875 0.0984375
2 0.5640625 0.428125 0.059375 0.078125
2 0.5703125 0.3390625 0.059375 0.090625
2 0.55546875 0.2421875 0.05625 0.075
2 0.0703125 0.73671875 0.140625 0.240625
3 0.4078125 0.2171875 0.0125 0.05
3 0.4234375 0.21640625 0.0125 0.0515625
3 0.421875 0.2875 0.0359375 0.015625
3 0.34140625 0.2015625 0.034375 0.0203125
3 0.53984375 0.70546875 0.034375 0.015625
3 0.53984375 0.6875 0.0359375 0.015625
3 0.43828125 0.67109375 0.0109375 0.0484375
3 0.45703125 0.65 0.009375 0.03125
3 0.48125 0.65390625 0.0125 0.021875
4 0.3828125 0.45078125 0.040625 0.025
3 0.3890625 0.284375 0.015625 0.040625
3 0.628125 0.56875 0.0140625 0.04375
4 0.23671875 0.7125 0.0765625 0.0375